1.26404
1.264034
1.264028
1.264023
1.264019
1.264015
1.264011
1.264007
1.264004
1.264001
1.264001
1.264002
1.264005
1.264007
1.26401
1.264012
1.264012
1.264011
1.264009
1.264007
1.264004
1.264001
1.264
1.264001
1.264003
1.26401
1.264033
1.264081
1.264185
1.26428
1.264378
1.264468
1.264542
1.264594
1.264627
1.264621
1.264588
1.264527
1.26444
1.264338
1.264206
1.264124
1.264063
1.264022
1.263998
1.263986
1.263982
1.263985
1.26399
1.263997
1.264003
1.264009
1.264014
1.264018
1.264018
1.264018
1.264015
1.264012
1.264009
1.264005
1.264004
1.264004
1.264005
1.264006
1.264008
1.26401
1.264011
1.264011
1.264009
1.264006
1.264002
1.263997
1.263995
1.263993
1.263994
1.263996
1.263999
1.264003
1.264006
1.264008
1.264008
1.264006
1.264002
1.263999
1.263993
1.26399
1.263989
1.26399
1.263994
1.263999
1.264006
1.264009
1.26401
1.264008
1.264005
1.264002
1.263997
1.263994
1.263992
1.263993
1.263995
1.263998
1.264001
1.264003
1.264005
1.264005
1.264003
1.264
1.263996
1.263993
1.263991
1.263991
1.263991
1.263993
1.263997
1.263999
1.264002
1.264003
1.264003
1.264001
1.263998
1.263995
1.263993
1.263992
1.263992
1.263994
1.263996
1.264001
1.264005
1.264008
1.264011
1.264012
1.264012
1.26401
1.264008
1.264008
1.264009
1.264012
1.264016
1.264024
1.26403
1.264037
1.264042
1.264045
1.264046
1.264045
1.264043
1.264043
1.264042
1.264044
1.264048
1.264055
1.264061
1.264066
1.264072
1.264076
1.264078
1.264078
1.264075
1.264074
1.264073
1.264073
1.264075
1.264078
1.264084
1.264089
1.264095
1.264099
1.264101
1.264101
1.264099
1.264097
1.264095
1.264093
1.264093
1.264095
1.2641
1.264105
1.26411
1.264114
1.264117
1.264118
1.264116
1.264114
1.264111
1.264109
1.264108
1.264108
1.264111
1.264115
1.264119
1.264124
1.264129
1.264132
1.264132
1.264131
1.264128
1.264125
1.264122
1.26412
1.264121
1.264123
1.264126
1.264129
1.264133
1.264137
1.264139
1.264139
1.264138
1.264135
1.264133
1.264131
1.26413
1.264129
1.26413
1.264134
1.264137
1.264141
1.264143
1.264143
1.264141
1.264138
1.264134
1.264129
1.264123
1.26412
1.264119
1.264119
1.26412
1.264121
1.26412
1.264116
1.264111
1.264104
1.264096
1.264087
1.264078
1.264067
1.26406
1.264054
1.26405
1.264046
1.264043
1.264039
1.264035
1.264029
1.264022
1.264014
1.264006
1.263999
1.263995
1.263993
1.263994
1.263995
1.263997
1.264
1.264001
1.264
1.263998
1.263994
1.26399
1.263987
1.263986
1.263986
1.263988
1.26399
1.263993
1.263997
1.263999
1.263999
1.263998
1.263995
1.263992
1.263988
1.263984
1.263983
1.263984
1.263986
1.263989
1.263992
1.263996
1.263998
1.263999
1.263997
1.263994
1.263991
1.263988
1.263986
1.263985
1.263985
1.263987
1.26399
1.263995
1.263998
1.264
1.264
1.263998
1.263995
1.26399
1.263986
1.263985
1.263985
1.263986
1.263989
1.263994
1.263998
1.264001
1.264002
1.264001
1.263999
1.263995
1.263991
1.263987
1.263986
1.263987
1.263989
1.263993
1.263997
1.263999
1.264001
1.264001
1.264
1.263997
1.263993
1.26399
1.263987
1.263987
1.263987
1.263989
1.263993
1.263996
1.263998
1.263999
1.263998
1.263996
1.263991
1.263988
1.263986
1.263986
1.263987
1.263988
1.263992
1.263994
1.263997
1.263999
1.264
1.264
1.263996
1.263993
1.26399
1.263987
1.263986
1.263987
1.263991
1.263994
1.263998
1.264001
1.264002
1.264002
1.263998
1.263995
1.263991
1.263988
1.263986
1.263986
1.263987
1.263989
1.263993
1.263996
1.263999
1.264001
1.264001
1.263999
1.263996
1.263993
1.26399
1.263988
1.263986
1.263987
1.26399
1.263993
1.263996
1.264
1.264002
1.264002
1.264
1.263997
1.263993
1.26399
1.263988
1.263988
1.263989
1.263991
1.263994
1.263996
1.263998
1.263999
1.263998
1.263997
1.263995
1.263991
1.263989
1.263987
1.263988
1.263989
1.263992
1.263995
1.263998
1.264001
1.264001
1.263999
1.263995
1.263991
1.263988
1.263986
1.263986
1.263987
1.26399
1.263993
1.263996
1.263999
1.263999
1.263998
1.263996
1.263993
1.26399
1.263987
1.263986
1.263987
1.263988
1.263991
1.263994
1.263997
1.263999
1.263999
1.263998
1.263996
1.263993
1.263989
1.263987
1.263986
1.263987
1.26399
1.263994
1.263998
1.264001
1.264002
1.264003
1.264001
1.263999
1.263994
1.26399
1.263988
1.263987
1.263988
1.263991
1.263995
1.263998
1.264001
1.264002
1.264001
1.263999
1.263995
1.263992
1.263989
1.263987
1.263987
1.263989
1.263993
1.263996
1.263999
1.264002
1.264003
1.264001
1.263999
1.263994
1.263993
1.263996
1.264004
1.264016
1.264032
1.264053
1.264067
1.264078
1.264085
1.264089
1.264089
1.264087
1.264085
1.264084
1.264084
1.264085
1.264088
1.264094
1.264099
1.264103
1.264107
1.264109
1.264109
1.264106
1.264102
1.264099
1.264097
1.264096
1.264095
1.264096
1.264095
1.264093
1.264087
1.264078
1.264067
1.264049
1.264036
1.264024
1.264015
1.264008
1.264004
1.264002
1.264003
1.264005
1.264008
1.264011
1.264014
1.264015
1.264014
1.264011
1.264008
1.264005
1.264003
1.264003
1.264004
1.264006
1.264009
1.264011
1.264013
1.264014
1.264014
1.264022
1.264051
1.264109
1.26419
1.264287
1.264419
1.264506
1.264575
1.26462
1.264638
1.264627
1.264565
1.264485
1.264383
1.264275
1.264176
1.264098
1.264043
1.264003
1.263992
1.263991
1.263996
1.264002
1.26401
1.264013
1.264014
1.264012
1.26401
1.264008
1.264007
1.264007
1.264009
1.264011
1.264013
1.264016
1.264017
1.264017
1.264014
1.264011
1.264007
1.264004
1.264001
1.263998
1.263998
1.263999
1.264001
1.264003
1.264006
1.264009
1.264009
1.264007
1.264004
1.264001
1.263997
1.263994
1.263993
1.263993
1.263995
1.263997
1.264
1.264003
1.264004
1.264003
1.264003
1.264001
1.263999
1.263997
1.263996
1.263997
1.263998
1.264
1.264002
1.264005
1.264007
1.264007
1.264005
1.264003
1.263999
1.263994
1.263992
1.263991
1.263992
1.263995
1.263998
1.264001
1.264004
1.264005
1.264004
1.264003
1.264
1.263997
1.263994
1.263992
1.263992
1.263992
1.263994
1.263998
1.264002
1.264005
1.264007
1.264007
1.264006
1.264004
1.264001
1.263999
1.264
1.264002
1.264005
1.264009
1.264013
1.264017
1.26402
1.264024
1.264026
1.264027
1.264028
1.264028
1.264029
1.26403
1.264033
1.264038
1.264043
1.26405
1.264054
1.264058
1.264061
1.264062
1.264062
1.26406
1.264059
1.264059
1.264061
1.264063
1.264067
1.264074
1.264079
1.264083
1.264086
1.264087
1.264087
1.264086
1.264084
1.264083
1.264084
1.264086
1.264089
1.264095
1.2641
1.264105
1.264108
1.264109
1.264109
1.264106
1.264104
1.264102
1.264101
1.264101
1.264102
1.264106
1.264111
1.264116
1.264119
1.264121
1.264122
1.264121
1.264119
1.264117
1.264115
1.264115
1.264115
1.264117
1.264121
1.264125
1.264129
1.264133
1.264135
1.264136
1.264134
1.264132
1.264129
1.264127
1.264127
1.264127
1.264129
1.264132
1.264136
1.26414
1.264143
1.264145
1.264144
1.264142
1.264139
1.264135
1.264133
1.264131
1.264131
1.264131
1.264133
1.264134
1.264136
1.264136
1.264133
1.264129
1.264123
1.264116
1.264109
1.264103
1.264097
1.264093
1.26409
1.264086
1.264083
1.264079
1.264072
1.264066
1.264057
1.264048
1.264038
1.264029
1.26402
1.264012
1.264009
1.264007
1.264006
1.264006
1.264006
1.264005
1.264003
1.263999
1.263996
1.263993
1.263991
1.26399
1.26399
1.263991
1.263993
1.263995
1.263997
1.263999
1.263999
1.263997
1.263993
1.26399
1.263987
1.263985
1.263984
1.263985
1.263986
1.263989
1.263993
1.263996
1.263998
1.263997
1.263995
1.263992
1.263989
1.263986
1.263985
1.263984
1.263986
1.263989
1.263992
1.263996
1.263998
1.263999
1.263998
1.263996
1.263993
1.263988
1.263986
1.263986
1.263987
1.263989
1.263993
1.263998
1.264001
1.264003
1.264003
1.264001
1.263997
1.263993
1.263987
1.263984
1.263983
1.263984
1.263986
1.26399
1.263995
1.263997
1.263999
1.263998
1.263996
1.263993
1.263989
1.263987
1.263985
1.263986
1.263987
1.26399
1.263994
1.263997
1.263999
1.264
1.263999
1.263997
1.263993
1.26399
1.263988
1.263987
1.263987
1.263989
1.263992
1.263995
1.263998
1.264
1.264
1.263998
1.263995
1.263992
1.263989
1.263988
1.263987
1.263988
1.263991
1.263994
1.263998
1.264001
1.264002
1.264001
1.263998
1.263995
1.263991
1.263988
1.263985
1.263984
1.263986
1.263989
1.263992
1.263996
1.263998
1.263999
1.263997
1.263995
1.263991
1.263987
1.263984
1.263984
1.263985
1.263988
1.263992
1.263995
1.263999
1.264001
1.264
1.263999
1.263996
1.263992
1.263989
1.263987
1.263986
1.263987
1.263989
1.263992
1.263995
1.263997
1.263999
1.263998
1.263997
1.263994
1.263991
1.263989
1.263988
1.263988
1.263989
1.263992
1.263995
1.263998
1.264002
1.264003
1.264001
1.263999
1.263995
1.263991
1.263987
1.263985
1.263985
1.263986
1.263989
1.263992
1.263996
1.263999
1.263999
1.263998
1.263996
1.263993
1.263989
1.263985
1.263984
1.263984
1.263986
1.263989
1.263992
1.263996
1.263998
1.263999
1.263997
1.263994
1.263991
1.263988
1.263986
1.263985
1.263986
1.263989
1.263992
1.263997
1.263999
1.264001
1.264
1.263998
1.263995
1.263991
1.263988
1.263987
1.263988
1.26399
1.263993
1.263996
1.263999
1.263999
1.263999
1.263996
1.263993
1.263989
1.263987
1.263985
1.263985
1.263985
1.263987
1.263991
1.263994
1.263997
1.263999
1.263999
1.263997
1.263992
1.263989
1.263987
1.263986
1.263986
1.263987
1.26399
1.263995
1.264005
1.264017
1.264031
1.264045
1.264058
1.264066
1.264071
1.264074
1.264076
1.264078
1.264079
1.264083
1.264086
1.26409
1.264094
1.264097
1.264099
1.2641
1.264099
1.264098
1.264097
1.264097
1.264099
1.264102
1.264105
1.264108
1.264109
1.264109
1.264106
1.264101
1.264089
1.264076
1.264062
1.264048
1.264036
1.264027
1.26402
1.264017
1.264016
1.264015
1.264014
1.264012
1.264008
1.264005
1.264002
1.264
1.263999
1.263999
1.264002
1.264005
1.264008
1.264011
1.264013
1.264013
1.26401
1.264007
1.264003
1.264
1.263998
1.263999
1.264024
1.264075
1.264153
1.264251
1.264355
1.264453
1.264557
1.264607
1.264632
1.264629
1.264598
1.264538
1.26442
1.264315
1.264216
1.264133
1.264072
1.264031
1.264008
1.263994
1.263991
1.263991
1.263994
1.263997
1.264
1.264004
1.264007
1.26401
1.264013
1.264016
1.264018
1.264018
1.264016
1.264014
1.26401
1.264007
1.264004
1.264002
1.264002
1.264003
1.264005
1.264007
1.264009
1.26401
1.264009
1.264006
1.264002
1.263999
1.263996
1.263994
1.263994
1.263996
1.263999
1.264003
1.264006
1.264008
1.264009
1.264008
1.264005
1.264
1.263996
1.263993
1.263992
1.263994
1.263998
1.264002
1.264005
1.264008
1.26401
1.26401
1.264008
1.264005
1.264001
1.263997
1.263994
1.263994
1.263995
1.263997
1.264
1.264003
1.264005
1.264006
1.264006
1.264004
1.264001
1.263997
1.263993
1.26399
1.263988
1.263989
1.263991
1.263994
1.263997
1.264
1.264001
1.264
1.263997
1.263995
1.263992
1.26399
1.26399
1.263992
1.263995
1.264
1.264005
1.26401
1.264014
1.264017
1.264017
1.264016
1.264015
1.264013
1.264013
1.264014
1.264018
1.264023
1.264028
1.264034
1.264041
1.264045
1.264048
1.264049
1.264049
1.264048
1.264047
1.264047
1.264049
1.264052
1.264057
1.264062
1.264068
1.264074
1.264077
1.264079
1.264079
1.264078
1.264076
1.264075
1.264076
1.264079
1.264082
1.264086
1.264092
1.264096
1.2641
1.264101
1.264101
1.2641
1.264098
1.264096
1.264095
1.264095
1.264098
1.264101
1.264105
1.26411
1.264113
1.264116
1.264117
1.264117
1.264115
1.264113
1.264112
1.264112
1.264113
1.264115
1.264118
1.264123
1.264127
1.26413
1.264131
1.26413
1.264129
1.264125
1.264123
1.264121
1.26412
1.264122
1.264124
1.264129
1.264132
1.264135
1.264137
1.264138
1.264137
1.264134
1.264131
1.264128
1.264127
1.264126
1.264127
1.26413
1.264132
1.264135
1.264137
1.264137
1.264137
1.264134
1.26413
1.264126
1.264122
1.264118
1.264115
1.264113
1.264112
1.264111
1.26411
1.264107
1.264102
1.264093
1.264084
1.264074
1.264065
1.264057
1.26405
1.264041
1.264037
1.264033
1.264029
1.264027
1.264023
1.264017
1.264012
1.264006
1.263999
1.263993
1.263989
1.263986
1.263987
1.263989
1.263992
1.263995
1.263997
1.263998
1.263997
1.263995
1.263991
1.263987
1.263984
1.263982
1.263983
1.263984
1.263987
1.263991
1.263994
1.263998
1.263999
1.263998
1.263995
1.263991
1.263987
1.263984
1.263983
1.263984
1.263985
1.263988
1.26399
1.263993
1.263995
1.263996
1.263994
1.263992
1.263988
1.263985
1.263982
1.263982
1.263984
1.263988
1.263991
1.263995
1.263999
1.264
1.263999
1.263997
1.263993
1.26399
1.263986
1.263985
1.263985
1.263987
1.263989
1.263992
1.263995
1.263997
1.263998
1.263997
1.263994
1.263991
1.263988
1.263986
1.263985
1.263985
1.263987
1.26399
1.263993
1.263996
1.263998
1.263999
1.263998
1.263995
1.263991
1.263988
1.263986
1.263985
1.263986
1.263988
1.263991
1.263994
1.263996
1.263998
1.263998
1.263997
1.263994
1.263992
1.263989
1.263988
1.263989
1.263991
1.263995
1.263998
1.264
1.264001
1.264001
1.263999
1.263995
1.26399
1.263987
1.263986
1.263986
1.263987
1.263989
1.263992
1.263995
1.263998
1.264
1.264
1.263998
1.263995
1.263991
1.263988
1.263987
1.263987
1.263988
1.263991
1.263994
1.263996
1.263998
1.263999
1.263998
1.263995
1.263992
1.263989
1.263987
1.263985
1.263985
1.263988
1.263991
1.263994
1.263997
1.263999
1.264
1.263998
1.263995
1.263991
1.263988
1.263986
1.263986
1.263986
1.263988
1.26399
1.263993
1.263996
1.263998
1.263998
1.263996
1.263993
1.263989
1.263986
1.263984
1.263983
1.263985
1.263988
1.263992
1.263995
1.263998
1.264
1.264
1.263998
1.263994
1.26399
1.263986
1.263984
1.263984
1.263986
1.263989
1.263993
1.263996
1.263999
1.263999
1.263998
1.263995
1.263992
1.263989
1.263986
1.263984
1.263984
1.263986
1.263989
1.263993
1.263996
1.263998
1.263998
1.263997
1.263994
1.263991
1.263988
1.263987
1.263987
1.263989
1.263991
1.263994
1.263997
1.264
1.264001
1.264
1.263997
1.263994
1.26399
1.263986
1.263984
1.263985
1.263986
1.263989
1.263993
1.263998
1.264
1.264001
1.264001
1.263998
1.263995
1.263989
1.263987
1.263986
1.263987
1.263989
1.263991
1.263995
1.263997
1.263999
1.263999
1.263999
1.264
1.264007
1.264016
1.264027
1.26404
1.264052
1.264063
1.264072
1.264081
1.264086
1.264089
1.26409
1.264089
1.264087
1.264084
1.264083
1.264083
1.264086
1.264089
1.264094
1.2641
1.264105
1.264108
1.26411
1.264109
1.264105
1.264099
1.264095
1.264091
1.264088
1.264085
1.264079
1.264072
1.264061
1.264052
1.264043
1.264034
1.264026
1.264019
1.264011
1.264006
1.264003
1.264002
1.264002
1.264003
1.264007
1.264009
1.264011
1.264011
1.264011
1.264009
1.264005
1.264002
1.264
1.263999
1.263999
1.264
1.264004
1.264007
1.264011
1.26402
1.264046
1.264098
1.264175
1.264299
1.264395
1.264482
1.264553
1.264602
1.264626
1.264616
1.264575
1.264506
1.264413
1.264308
1.264207
1.264122
1.264041
1.264005
1.263985
1.263978
1.263979
1.263985
1.263996
1.264004
1.264011
1.264015
1.264016
1.264015
1.264011
1.264007
1.264004
1.264002
1.264002
1.264003
1.264005
1.264008
1.264011
1.264012
1.264012
1.264009
1.264005
1.264001
1.263998
1.263995
1.263994
1.263994
1.263996
1.263999
1.264002
1.264005
1.264007
1.264006
1.264004
1.264
1.263997
1.263994
1.263992
1.263991
1.263991
1.263992
1.263995
1.263998
1.264001
1.264003
1.264004
1.264003
1.264001
1.263999
1.263996
1.263995
1.263995
1.263996
1.263999
1.264002
1.264005
1.264008
1.264009
1.264007
1.264003
1.263999
1.263996
1.263994
1.263992
1.263992
1.263994
1.263996
1.263999
1.264002
1.264004
1.264004
1.264002
1.263999
1.263996
1.263993
1.263991
1.263991
1.263992
1.263995
1.263998
1.264002
1.264005
1.264007
1.264008
1.264007
1.264005
1.264003
1.264002
1.264002
1.264003
1.264007
1.264011
1.264017
1.264023
1.264028
1.264032
1.264035
1.264035
1.264034
1.264034
1.264034
1.264036
1.26404
1.264045
1.26405
1.264056
1.26406
1.264065
1.264069
1.26407
1.26407
1.264068
1.264066
1.264065
1.264064
1.264068
1.264072
1.264079
1.264085
1.264091
1.264094
1.264096
1.264095
1.264092
1.26409
1.264087
1.264087
1.264089
1.264092
1.264096
1.264102
1.264108
1.264112
1.264114
1.264113
1.264111
1.264109
1.264107
1.264106
1.264107
1.264109
1.264112
1.264115
1.264119
1.264123
1.264127
1.264128
1.264127
1.264125
1.264123
1.26412
1.264118
1.264119
1.264121
1.264124
1.264128
1.264132
1.264135
1.264137
1.264136
1.264134
1.264131
1.264127
1.264125
1.264123
1.264125
1.264128
1.264131
1.264135
1.264138
1.26414
1.26414
1.264138
1.264135
1.264132
1.264129
1.264125
1.264125
1.264125
1.264127
1.264129
1.264131
1.264132
1.264131
1.264127
1.264122
1.264114
1.264106
1.264094
1.264087
1.264081
1.264076
1.264072
1.264069
1.264064
1.264059
1.264054
1.264047
1.264038
1.264029
1.264017
1.264009
1.264003
1.264
1.263998
1.263998
1.263998
1.263999
1.263999
1.263998
1.263997
1.263994
1.26399
1.263988
1.263986
1.263986
1.263987
1.263989
1.263992
1.263995
1.263997
1.263998
1.263997
1.263996
1.263992
1.263989
1.263987
1.263985
1.263984
1.263984
1.263987
1.26399
1.263993
1.263995
1.263996
1.263996
1.263993
1.263989
1.263985
1.263982
1.26398
1.26398
1.263983
1.263987
1.26399
1.263994
1.263997
1.263999
1.263997
1.263994
1.26399
1.263987
1.263985
1.263983
1.263984
1.263987
1.263989
1.263993
1.263996
1.263997
1.263997
1.263995
1.263992
1.263989
1.263986
1.263984
1.263983
1.263985
1.263988
1.263991
1.263994
1.263997
1.263999
1.263999
1.263997
1.263994
1.26399
1.263987
1.263986
1.263986
1.263988
1.263991
1.263994
1.263997
1.263999
1.263999
1.263997
1.263994
1.263991
1.263988
1.263986
1.263986
1.263986
1.263988
1.263991
1.263993
1.263997
1.263998
1.263998
1.263996
1.263993
1.263989
1.263986
1.263985
1.263985
1.263987
1.263989
1.263992
1.263996
1.263999
1.264
1.264
1.263998
1.263996
1.26399
1.263987
1.263984
1.263983
1.263984
1.263986
1.263991
1.263996
1.263999
1.263999
1.263998
1.263995
1.263991
1.263989
1.263987
1.263986
1.263987
1.26399
1.263995
1.263998
1.264001
1.264002
1.264002
1.263999
1.263994
1.26399
1.263987
1.263985
1.263985
1.263986
1.263989
1.263992
1.263996
1.263999
1.264
1.264
1.263997
1.263994
1.263991
1.263989
1.263987
1.263987
1.263988
1.26399
1.263992
1.263994
1.263995
1.263995
1.263994
1.263991
1.263989
1.263986
1.263985
1.263985
1.263987
1.26399
1.263993
1.263996
1.263998
1.263999
1.263999
1.263997
1.263994
1.263991
1.263988
1.263987
1.263987
1.263988
1.263991
1.263994
1.263997
1.263999
1.264
1.263998
1.263995
1.263992
1.263989
1.263986
1.263985
1.263986
1.263988
1.263991
1.263995
1.263997
1.264
1.264001
1.264
1.263997
1.263993
1.26399
1.263987
1.263986
1.263986
1.263988
1.263991
1.263994
1.263997
1.263998
1.263998
1.263996
1.263994
1.263991
1.263989
1.263988
1.263987
1.263988
